              precision    recall  f1-score   support

           0     0.9485    0.9274    0.9378       496
           1     0.9236    0.9236    0.9236       471
           2     0.8925    0.9881    0.9379       420
           3     0.7980    0.8208    0.8092       491
           4     0.8395    0.8064    0.8226       532
           5     1.0000    0.9497    0.9742       537

    accuracy                         0.8999      2947
   macro avg     0.9003    0.9027    0.9009      2947
weighted avg     0.9012    0.8999    0.9000      2947
